| operations | (0, 0) | (0, 1) | (0, 2) | (1, 0) | (1, 1) | (1, 2) | (1, 3) | (2, 0) | (2, 1) | (2, 2) |
| starttime  | 0.0    |        |        | 10.0   |        |        |        | 20.0   |        |        |
| deadline   | 25.0   |        |        | 80.0   |        |        |        | 50.0   |        |        |
| prod units | 1      |        |        | 2      |        |        |        | 3      |        |        |
| duration   | 5.0    | 15.0   | 5.0    | 15.0   | 25.0   | 10.0   | 5.0    | 15.0   | 5.0    | 10.0   |
| value      | 0.0    | 0.1    | 0.2    | 0.3    | 0.4    | 0.5    | 0.6    | 0.7    | 0.8    | 0.9    |
| machine    | 0      | 0      | 0      | 1      | 1      | 2      | 2      | 2      | 3      | 3      |
| priority   | 0.0    | 0.4    | 0.8    | 0.2    | 0.6    | 0.0    | 0.4    | 0.8    | 0.2    | 0.6    |

assignment:
| m0 | (0,0) | (0,1) | (0,2) |
| m1 | (1,0) | (1,1) |
| m2 | (2,0) | (1,2) | (1,3) |
| m3 | (2,1) | (2,2)

production:
| m0 | (0, 0): 5.0  | (0, 1): 20.0 | (0, 2): 25.0 |
| m1 | idle  : 10.0 | (1, 0): 25.0 | (1, 1): 50.0 |
| m2 | idle  : 20.0 | (2, 0): 35.0 | idle  : 50.0 | (1, 2): 60.0 | (1, 3): 65.0 |
| m3 | idle  : 35.0 | (2, 1): 40.0 | (2, 2): 50.0 |

makespan: 65.0

tardiness:
| Job | tardiness |
| 0   | 0.0       |
| 1   | 0.0       |
| 2   | 0.0       |
| sum | 0.0       |

load:
| machine | load  |
| 0       | 0.385 |
| 1       | 0.615 |
| 2       | 0.462 |
| 3       | 0.231 |
| std dev | 0.139 |

wip:
| time | job | wip |
| 0.0  | 0   | 1   |
| 10.0 | 1   | 3   |
| 20.0 | 2   | 6   |
| 25.0 | !0  | 5   |
| 50.0 | !2  | 2   |
| 65.0 | !1  | 0   |
| max  |     | 6   |

passtimes:
| job | passtime |
| 0   | 25.0     |
| 1   | 55.0     |
| 2   | 30.0     |
| max | 55.0     |
