model:
| operations | (0, 0) | (0, 1) | (1, 0) | (1, 1) | (1, 2) | (1, 3) | (1, 4) | (2, 0) | (2, 1) | (2, 2) | (3, 0) | (4, 0) |
| starttime  | 0.0    |        | 15.0   |        |        |        |        | 30.0   |        |        | 50.0   | 5.0    |
| deadline   | 30.0   |        | 150.0  |        |        |        |        | 100.0  |        |        | 65.0   | 80.0   |
| prod units | 2      |        | 1      |        |        |        |        | 5      |        |        | 4      | 2      |
| duration   | 7.0    | 12.0   | 15.0   | 25.0   | 10.0   | 5.0    | 50.0   | 15.0   | 2.0    | 13.0   | 5.0    | 30.0   |
| allowed m. | 0      | 1      | 0      | 0      | 0      | 0      | 1      | all    | 2      | 1      | all    | 3      |
|            | 2      | 3      | 1      | 2      | 2      | 2      | 2      |        |        | 2      |        |        |
|            |        |        | 3      |        | 3      | 3      | 3      |        |        | 3      |        |        |
|            |        |        |        |        |        |        |        |        |        |        |        |        |
solution:
| value      |  0.93  |  0.71  |  0.33  |  0.17  |  0.07  |  0.49  |  0.64  |  0.48  |  0.33  |  0.72  |  0.52  |  0.47 |
| machine    |  2     |  3     |  0     |  0     |  0     |  2     |  2     |  1     |  2     |  3     |  2     |  3    |
| priority   |  0.86  |  0.42  |  0.99  |  0.34  |  0.21  |  0.47  |  0.92  |  0.92  |  0.33  |  0.16  |  0.08  |  0.47 |

setuptimes:
(0,0) --> (2,1) = 2.0 (done in idle)
(1,1) --> (1,2) = 1.5 (in schedule)
(4,0) --> (0,1) = 5.5 (in schedule)
(1,3) --> (0,1) = 2.5 (not in schedule)

assignment:
| m0 | (1, 0) | (1, 1) | (1, 2) |
| m1 | (2, 0) |
| m2 | (0, 0) | (2, 1) | (1, 3) | (1, 4) | (3, 0) |
| m3 | (4, 0) | (0, 1) | (2, 2) |

production:
| m0 | idle  : 15.0 | (1, 0): 30.0 | (1, 1): 55.0 | (1, 2): 66.5 |
| m1 | idle  : 30.0 | (2, 0): 45.0 |
| m2 | (0, 0):  7.0 | idle  : 45.0 | (2, 1): 47.0 | idle  : 66.5 | (1, 3): 71.5 | (1, 4): 121.5 | (3, 0): 126.5 |
| m3 | idle  :  5.0 | (4, 0): 35.0 | (0, 1): 52.5 | (2, 2): 65.5 |

makespan: 126.5

tardiness:
| Job | tardiness |
| 0   | 22.5      |
| 1   | 0.0       |
| 2   | 0.0       |
| 3   | 61.5      |
| 4   | 0.0       |
| sum | 84.0      |

load:
| machine | load   |
| 0       | 0.395  |
| 1       | 0.119  |
| 2       | 0.545  |
| 3       | 0.435  |
| std dev | 0.1571 |

wip:
| time  | job | wip |
| 0.0   | 0   | 2   |
| 5.0   | 4   | 4   |
| 15.0  | 1   | 5   |
| 30.0  | 2   | 10  |
| 35.0  | !4  | 8   |
| 52.5  | !0  | 6   |
| 65.5  | !2  | 1   |
| 121.5 | 3   | 5   |
| 121.5 | !1  | 4   |
| 126.5 | !3  | 0   |
| max   |     | 10  |

passtimes:
| job | passtime |
| 0   | 52.5     |
| 1   | 106.5    |
| 2   | 35.5     |
| 3   | 5.0      |
| 4   | 30.0     |
| max | 106.5    |
flowfactor:
| job | passtime | processtime | flowfactor |
| 0   | 52.5     | 19.0        | 2.763      |
| 1   | 106.5    | 105.0       | 1.014      |
| 2   | 35.5     | 30.0        | 1.183      |
| 3   | 5.0      | 5.0         | 1.0        |
| 4   | 30.0     | 30.0        | 1.0        |
| avg |          |             | 1.392155   |
